#include <stdio.h>
int main()
{
    int a[4][4]=
  {
      {10,12,33,4},
      {15,6,3,44},
      {1,42,63,77},
      {18,2,93,21},
  };
  int r=4,c=4,temp;
      for(int row=0;row<(r/2)+1;row++){
          for(int col=row+1;col<=(r/2)+1;col++){
              temp=a[row][col];
              a[row][col]=a[col][row];
              a[col][row]=temp;
          }
          printf("\n");
      }
      for(int row=0;row<4;row+=1,printf("\n"))
   {
       for(int col=0;col<4;col+=1)
            printf("%d ",a[row][col]);
   }
 
    
    return 0;
}

OUTPUT:
10 15 1 18 
12 6 42 2 
33 3 63 93 
4 44 77 21 
